x,y,distortion
1,2,0.7686
1,3,0.7508
1,4,0.7864
1,5,0.8082
1,6,0.7292
1,7,0.7843
1,8,0.7774
1,9,0.7854
1,10,0.7546
1,11,0.7672
1,12,0.7648
1,13,0.7970
1,14,0.7907
1,15,0.7842
1,16,0.7727
1,17,0.7509
1,18,0.7966
1,19,0.7712
1,20,0.7701
2,1,0.7686
2,3,0.7783
2,4,0.7961
2,5,0.7961
2,6,0.7576
2,7,0.7963
2,8,0.8159
2,9,0.8005
2,10,0.7980
2,11,0.7968
2,12,0.7750
2,13,0.7973
2,14,0.7961
2,15,0.7928
2,16,0.7960
2,17,0.7625
2,18,0.8070
2,19,0.7727
2,20,0.7999
3,1,0.7508
3,2,0.7783
3,4,0.8093
3,5,0.8143
3,6,0.7782
3,7,0.8168
3,8,0.7919
3,9,0.8296
3,10,0.8147
3,11,0.7688
3,12,0.8133
3,13,0.7707
3,14,0.8058
3,15,0.8339
3,16,0.8220
3,17,0.7598
3,18,0.7981
3,19,0.8227
3,20,0.8156
4,1,0.7864
4,2,0.7961
4,3,0.8093
4,5,0.8054
4,6,0.7862
4,7,0.8038
4,8,0.8271
4,9,0.8063
4,10,0.7826
4,11,0.7791
4,12,0.7681
4,13,0.7798
4,14,0.7994
4,15,0.7993
4,16,0.7801
4,17,0.7763
4,18,0.8140
4,19,0.8331
4,20,0.7871
5,1,0.8082
5,2,0.7961
5,3,0.8143
5,4,0.8054
5,6,0.7904
5,7,0.8166
5,8,0.8143
5,9,0.8137
5,10,0.7928
5,11,0.7940
5,12,0.7767
5,13,0.8013
5,14,0.7754
5,15,0.8238
5,16,0.8213
5,17,0.7659
5,18,0.7641
5,19,0.8077
5,20,0.8306
6,1,0.7292
6,2,0.7576
6,3,0.7782
6,4,0.7862
6,5,0.7904
6,7,0.7878
6,8,0.7750
6,9,0.7831
6,10,0.7751
6,11,0.7482
6,12,0.7805
6,13,0.7847
6,14,0.7752
6,15,0.7698
6,16,0.7759
6,17,0.7395
6,18,0.7780
6,19,0.8052
6,20,0.7983
7,1,0.7843
7,2,0.7963
7,3,0.8168
7,4,0.8038
7,5,0.8166
7,6,0.7878
7,8,0.8078
7,9,0.7989
7,10,0.8015
7,11,0.7788
7,12,0.8003
7,13,0.8213
7,14,0.8047
7,15,0.8172
7,16,0.7996
7,17,0.7722
7,18,0.8125
7,19,0.7961
7,20,0.8140
8,1,0.7774
8,2,0.8159
8,3,0.7919
8,4,0.8271
8,5,0.8143
8,6,0.7750
8,7,0.8078
8,9,0.8151
8,10,0.8284
8,11,0.7707
8,12,0.7958
8,13,0.7853
8,14,0.8122
8,15,0.8177
8,16,0.8042
8,17,0.7817
8,18,0.8142
8,19,0.7892
8,20,0.7925
9,1,0.7854
9,2,0.8005
9,3,0.8296
9,4,0.8063
9,5,0.8137
9,6,0.7831
9,7,0.7989
9,8,0.8151
9,10,0.7849
9,11,0.7963
9,12,0.8157
9,13,0.8188
9,14,0.7966
9,15,0.8277
9,16,0.7891
9,17,0.7730
9,18,0.8033
9,19,0.8175
9,20,0.8272
10,1,0.7546
10,2,0.7980
10,3,0.8147
10,4,0.7826
10,5,0.7928
10,6,0.7751
10,7,0.8015
10,8,0.8284
10,9,0.7849
10,11,0.7892
10,12,0.7630
10,13,0.7913
10,14,0.7890
10,15,0.7664
10,16,0.8159
10,17,0.7843
10,18,0.7782
10,19,0.8251
10,20,0.7499
11,1,0.7672
11,2,0.7968
11,3,0.7688
11,4,0.7791
11,5,0.7940
11,6,0.7482
11,7,0.7788
11,8,0.7707
11,9,0.7963
11,10,0.7892
11,12,0.7564
11,13,0.7722
11,14,0.7859
11,15,0.8015
11,16,0.7789
11,17,0.7672
11,18,0.7749
11,19,0.7820
11,20,0.7701
12,1,0.7648
12,2,0.7750
12,3,0.8133
12,4,0.7681
12,5,0.7767
12,6,0.7805
12,7,0.8003
12,8,0.7958
12,9,0.8157
12,10,0.7630
12,11,0.7564
12,13,0.7504
12,14,0.7569
12,15,0.7932
12,16,0.7835
12,17,0.7776
12,18,0.7603
12,19,0.8262
12,20,0.7755
13,1,0.7970
13,2,0.7973
13,3,0.7707
13,4,0.7798
13,5,0.8013
13,6,0.7847
13,7,0.8213
13,8,0.7853
13,9,0.8188
13,10,0.7913
13,11,0.7722
13,12,0.7504
13,14,0.8004
13,15,0.8138
13,16,0.8060
13,17,0.7796
13,18,0.8002
13,19,0.7712
13,20,0.7977
14,1,0.7907
14,2,0.7961
14,3,0.8058
14,4,0.7994
14,5,0.7754
14,6,0.7752
14,7,0.8047
14,8,0.8122
14,9,0.7966
14,10,0.7890
14,11,0.7859
14,12,0.7569
14,13,0.8004
14,15,0.8028
14,16,0.8129
14,17,0.7582
14,18,0.7929
14,19,0.8110
14,20,0.7960
15,1,0.7842
15,2,0.7928
15,3,0.8339
15,4,0.7993
15,5,0.8238
15,6,0.7698
15,7,0.8172
15,8,0.8177
15,9,0.8277
15,10,0.7664
15,11,0.8015
15,12,0.7932
15,13,0.8138
15,14,0.8028
15,16,0.7931
15,17,0.7973
15,18,0.8079
15,19,0.8192
15,20,0.8161
16,1,0.7727
16,2,0.7960
16,3,0.8220
16,4,0.7801
16,5,0.8213
16,6,0.7759
16,7,0.7996
16,8,0.8042
16,9,0.7891
16,10,0.8159
16,11,0.7789
16,12,0.7835
16,13,0.8060
16,14,0.8129
16,15,0.7931
16,17,0.7655
16,18,0.8181
16,19,0.8095
16,20,0.8132
17,1,0.7509
17,2,0.7625
17,3,0.7598
17,4,0.7763
17,5,0.7659
17,6,0.7395
17,7,0.7722
17,8,0.7817
17,9,0.7730
17,10,0.7843
17,11,0.7672
17,12,0.7776
17,13,0.7796
17,14,0.7582
17,15,0.7973
17,16,0.7655
17,18,0.7838
17,19,0.7851
17,20,0.7707
18,1,0.7966
18,2,0.8070
18,3,0.7981
18,4,0.8140
18,5,0.7641
18,6,0.7780
18,7,0.8125
18,8,0.8142
18,9,0.8033
18,10,0.7782
18,11,0.7749
18,12,0.7603
18,13,0.8002
18,14,0.7929
18,15,0.8079
18,16,0.8181
18,17,0.7838
18,19,0.8117
18,20,0.8008
19,1,0.7712
19,2,0.7727
19,3,0.8227
19,4,0.8331
19,5,0.8077
19,6,0.8052
19,7,0.7961
19,8,0.7892
19,9,0.8175
19,10,0.8251
19,11,0.7820
19,12,0.8262
19,13,0.7712
19,14,0.8110
19,15,0.8192
19,16,0.8095
19,17,0.7851
19,18,0.8117
19,20,0.8079
20,1,0.7701
20,2,0.7999
20,3,0.8156
20,4,0.7871
20,5,0.8306
20,6,0.7983
20,7,0.8140
20,8,0.7925
20,9,0.8272
20,10,0.7499
20,11,0.7701
20,12,0.7755
20,13,0.7977
20,14,0.7960
20,15,0.8161
20,16,0.8132
20,17,0.7707
20,18,0.8008
20,19,0.8079
